[digitssplashbackground.jpg]
moddate=faf7999bac70d201
width=749
height=1200
text=1;165;28;COPYRIGHT ORISON GAMES. 2016;Source Sans Pro Black;0.115617,0.929744,0.033333,0.000000;v1,4294967295,4278190080,128.000000,1.000000,0.000000,1.000000,400,0,49152;;
textactive=1
